2 2
3 1
35207 3
8804 2
4 2
30619 3
39102 3
8816 2
13122 2
17621 3
13124 3
8820 3
35221 3
13132 2
32 3
17639 3
8774 3
43973 3
13174 3
35236 3
17638 3
43975 3
42 1
8779 3
17645 3
30653 2
8781 2
39045 2
35254 2
8788 3
43994 3
57 2
17660 2
13076 3
8741 2
43940 3
13079 3
71 2
21949 2
8749 3
8751 3
30686 3
8744 2
35274 3
21947 2
17557 2
13062 3
8758 3
81 2
35283 3
17554 3
13069 3
43966 3
8764 2
8767 2
8760 3
8763 1
39145 3
8708 1
4436 1
101 2
13105 2
47794 3
35311 3
8717 2
109 2
17579 2
30688 3
112 2
39107 2
13101 1
30700 3
8732 1
35320 1
43930 2
13273 3
4538 2
8938 3
8943 2
17486 3
8928 1
8953 3
13249 1
43890 3
26163 2
4515 3
17494 3
13307 3
13304 3
43852 3
174 1
30524 3
17506 3
35104 3
38930 2
8897 2
17511 2
13301 2
17529 3
8926 3
38925 3
17534 3
13293 3
30496 3
13284 3
13285 2
8877 3
8879 2
13214 3
13208 3
35141 3
17408 3
17409 3
8866 2
4589 1
21804 3
13193 2
13194 3
43833 3
13188 3
13189 3
17431 3
13184 2
209 1
8881 1
210 2
35153 3
237 2
17451 2
35179 3
13237 1
4565 2
226 2
4557 3
17465 3
43802 3
26198 3
17459 3
12871 2
4134 1
278 3
30340 2
276 3
26554 2
12874 1
21737 3
286 1
12883 2
12880 2
34948 2
9063 2
12887 3
12885 2
9066 2
21755 3
9070 2
271 3
9044 2
12902 2
35002 2
35000 2
9050 1
17916 3
35007 2
17918 3
17888 3
293 1
21719 3
9031 2
9035 2
34984 3
43727 3
39326 1
302 3
39392 3
9009 1
26608 3
43711 3
17819 2
26617 3
8997 2
26592 2
17806 3
12831 3
9002 1
35019 3
30437 3
17841 3
12835 3
376 2
8966 1
35041 3
12850 3
8972 2
35054 2
8968 3
39386 2
12859 2
4267 3
39211 3
13005 2
17746 3
12998 3
12997 3
9198 2
26415 2
47965 3
9186 3
17734 3
9189 2
34823 3
13032 3
34879 2
13037 2
9182 3
43612 3
4230 2
13030 1
13049 2
9167 2
21599 3
9153 2
4243 3
9155 3
13046 3
47887 3
39279 3
21548 2
21547 3
9145 1
9143 2
17685 3
4323 1
39293 3
17676 2
12956 1
17675 3
17668 3
9123 3
9121 1
9116 2
17727 3
9119 2
12975 3
17726 3
12968 2
12969 3
30314 3
12963 3
12989 1
17709 3
17707 3
12976 3
17697 3
8262 3
30132 2
39569 3
12670 3
559 2
12668 3
47358 3
35753 3
12644 3
12654 1
8280 3
18118 3
12637 2
4922 3
8308 2
12615 2
30081 2
12611 2
30082 3
8319 1
43513 3
35810 3
12593 3
18084 3
35819 3
12605 2
12578 3
30176 2
18103 3
35830 2
18101 2
18106 2
12586 2
8218 1
18104 3
18105 3
8220 1
577 1
30160 3
8229 3
64600 3
18059 3
30170 3
8246 2
22439 3
12552 2
600 3
35807 3
35805 3
25615 3
22364 3
43343 3
684 3
680 2
8391 2
8390 3
22356 2
47218 3
22351 2
702 1
5006 3
703 1
701 1
35641 3
12778 3
12779 2
35640 3
39434 3
12772 2
35638 3
12773 3
8402 2
8400 1
12767 3
43371 3
5050 2
8426 1
22388 3
8422 1
22384 3
8419 2
25660 3
8447 1
43388 3
25653 3
12741 2
8437 3
8434 2
12739 3
22298 2
12731 1
8331 3
17961 2
5087 3
22302 3
12732 2
8323 3
39505 3
43265 3
43268 3
30071 2
5078 2
12714 2
8346 3
12715 2
25689 2
12713 1
8345 3
766 3
22284 3
5056 2
8342 1
17975 3
8343 3
12709 3
8365 1
8364 3
719 3
12702 2
22335 2
17923 3
25700 2
12695 2
8359 1
8358 3
12683 3
8382 3
8368 2
721 2
5089 1
12389 1
22212 1
35511 3
12390 2
29863 3
8529 3
12386 3
12399 1
8542 3
12392 3
4628 3
47605 3
8513 2
8514 2
18403 2
803 2
812 1
4637 1
8527 2
4635 1
18390 3
12357 3
8565 3
4645 3
786 2
4641 2
8560 1
29838 2
18398 3
4651 2
4648 2
12374 3
8551 2
8546 3
8544 3
4657 1
39869 3
8559 2
12383 3
43244 3
8553 2
4673 3
12322 1
8469 2
8468 1
22150 3
8470 2
8473 2
4685 2
12333 3
26079 3
4686 3
12337 2
12338 3
8452 2
18351 3
39906 3
855 2
8501 3
852 1
39912 1
4713 2
12297 3
12302 3
35549 3
12301 2
4716 3
12306 2
8482 3
12305 3
4721 3
12310 2
4725 1
8491 3
12312 2
35531 3
8495 2
8492 1
22205 3
8668 3
4750 3
18302 2
8664 3
8657 1
4739 1
4766 1
12542 3
4761 2
35371 3
29748 2
4755 2
12530 3
35357 2
4780 2
12491 2
35352 3
8697 3
4775 2
39718 3
4770 3
12480 2
4768 3
4795 3
39737 2
25899 3
8681 2
8680 3
39735 2
4788 1
8674 1
4808 3
4809 2
65000 3
4812 3
8607 2
4800 3
12452 2
12455 3
8585 3
35432 3
4826 2
12476 3
8591 2
12479 3
25921 3
39785 3
25983 3
12430 3
4847 2
12418 2
29761 3
18199 3
25973 1
39783 3
4837 1
8629 3
35400 2
4862 2
29791 1
35407 3
39792 1
8615 3
25956 3
1103 2
29648 2
20912 3
5486 3
5483 2
9787 3
29636 2
20903 3
29632 2
48768 3
20899 2
16531 3
29695 2
5466 1
29691 3
16552 2
1126 2
5462 3
29686 1
5463 3
9730 3
1120 2
9729 3
25308 2
20876 3
20877 3
20875 3
29668 2
20985 3
5432 3
48858 3
9824 2
25249 3
20976 2
5427 2
9829 2
5429 3
5430 1
9831 3
5431 3
9848 2
25273 3
20960 2
29568 3
5408 3
29571 3
5413 1
45046 3
20965 1
5400 1
16617 3
25229 3
9794 3
5394 3
5392 3
5396 2
29608 2
5391 2
29614 3
9822 3
20940 1
9821 3
16637 2
5388 3
5377 3
45010 3
9808 2
25233 3
20932 2
1221 2
36167 2
5617 3
5616 3
9901 2
16397 2
9902 3
25192 2
1237 3
5606 2
1239 1
16406 2
9911 3
5602 2
20771 3
5603 3
9918 3
29518 2
5610 3
16422 3
5588 1
14259 3
25152 1
29553 3
20766 3
20764 2
29562 2
25163 3
1257 1
20760 3
14265 3
1267 1
5568 1
29551 2
20751 3
29550 2
5580 1
25180 2
40009 2
5578 3
20746 3
1273 1
5577 2
20850 3
9957 3
20853 3
5563 2
29468 3
25137 2
5538 3
44913 3
5539 1
29442 3
14276 3
20836 3
5541 3
25143 3
25144 3
14282 3
20842 3
16482 3
5523 3
29491 3
5522 3
9924 2
25098 2
9931 3
9930 3
9929 2
5532 3
20803 3
5507 2
44882 3
16503 3
9942 3
5511 1
20804 2
20811 3
5518 2
29386 3
20640 1
29405 2
29404 2
10029 3
10026 1
25577 2
10021 3
29422 3
10015 3
10010 2
49060 3
10002 3
16815 2
16814 3
20632 2
16810 2
20634 2
16805 3
13878 2
25530 3
49100 3
25532 3
49102 3
1299 1
35985 2
10098 3
20704 3
10103 3
29319 3
16852 3
25525 1
1290 2
25512 3
44782 3
1280 1
29329 3
25504 3
20725 3
36024 3
36030 3
25490 3
20676 1
25472 3
40341 3
25478 2
20519 3
20516 3
16657 3
16668 3
25467 3
25466 2
44581 3
25447 3
48918 2
20530 2
10145 3
25441 3
25454 3
29278 3
48920 3
13979 3
44587 3
20485 1
20500 2
48950 3
25408 2
35937 2
16685 3
40285 2
29304 3
14010 2
25395 3
10228 3
16735 2
25405 3
25386 3
14041 2
29208 1
25384 3
10217 3
16713 2
10223 3
44654 2
1456 3
20547 2
14051 3
10201 3
20552 3
29232 3
20562 1
20569 3
25356 3
25358 2
40220 3
9226 3
36843 3
9225 2
9229 3
29170 3
21392 2
21396 2
1659 3
13609 3
24793 2
21385 1
21379 3
24785 2
17078 3
44436 2
9237 3
1653 3
21433 2
13591 2
13576 3
29131 2
17054 3
48268 2
44467 3
21409 2
9264 2
29124 3
9269 2
29125 3
36820 3
21414 2
9270 3
29119 3
13692 3
9293 2
29113 2
24709 3
48371 3
13680 2
17151 2
9308 3
24730 2
48362 3
9304 1
24724 1
9299 2
21501 3
24748 3
21502 2
1547 3
29076 2
9318 1
21488 3
13649 3
29075 2
24739 2
13645 3
9341 3
44540 3
17113 3
29061 3
9329 2
29056 2
21473 2
24642 2
21270 3
9351 3
29047 3
1764 2
29049 2
36716 3
40542 3
29053 3
6083 2
36727 3
9370 3
9371 3
1784 2
1785 2
48172 2
21261 3
6128 1
21299 3
6130 2
1733 3
9381 2
29017 2
13720 2
36687 3
21310 3
24689 3
9394 2
21284 3
13703 3
36692 2
1754 3
21294 3
1759 3
44358 3
24589 3
21341 3
9416 2
13792 2
21312 3
24607 3
28968 2
1668 1
21360 3
40498 3
6067 2
9443 2
28947 3
13778 2
13789 2
13791 3
6079 1
28959 3
13790 3
21371 2
28929 2
1680 2
9457 3
24637 2
24638 3
21353 2
13768 1
6057 3
6059 3
9497 2
28906 3
9498 1
1916 3
40911 3
28910 3
9503 3
21127 2
9482 3
40927 3
5713 2
9474 3
28917 2
21142 3
25086 3
25074 1
28870 2
28890 3
21183 3
17293 3
9505 1
48533 3
1853 2
5645 2
24990 3
28840 3
17400 3
9560 3
21189 3
17398 3
13408 3
1836 2
44237 3
13432 3
24971 3
28858 3
24961 2
5650 2
17379 2
21202 2
21229 3
21226 3
13385 3
28809 1
5668 3
21219 1
9584 2
36493 2
13407 3
9583 2
17356 3
5693 3
25003 3
5690 2
1803 3
44267 3
1798 3
21232 2
24916 2
2042 3
21011 2
21013 2
9607 3
21021 2
36461 3
9650 3
17175 3
24955 3
9658 3
28745 3
28761 3
9680 2
21056 3
28707 3
28716 2
28719 3
24863 3
5769 2
1955 3
5778 3
9718 3
17232 3
44158 3
36377 3
21099 2
9723 3
5800 3
24867 3
17231 3
17228 3
17224 3
2200 2
15296 3
41842 2
23911 2
23910 3
23930 2
23935 3
6539 1
6536 3
41820 3
23877 3
33070 3
19554 3
36881 3
41798 3
23855 3
10933 2
10929 3
36991 3
23871 3
6648 2
10913 2
32592 2
10912 2
10910 2
36943 3
36937 3
6598 3
32613 2
36934 3
15267 3
32609 3
33132 3
45629 3
6621 2
15290 1
10886 2
33125 3
36944 2
15169 1
6432 2
28347 3
32654 3
6453 1
45786 3
6458 3
6461 1
41965 3
33165 3
10835 2
36992 3
10834 3
6402 3
15201 2
41938 3
6407 2
36996 3
36997 3
15206 3
37004 3
2110 2
6412 3
15219 3
24018 3
33189 3
19685 3
15227 3
32703 3
19693 3
6429 3
24028 3
41910 3
6503 2
2134 2
6509 2
2140 3
6505 3
2116 2
6517 3
2118 2
2119 1
10796 3
6471 3
41877 3
37061 3
28368 3
15149 2
23947 2
6473 2
28356 3
33251 3
37084 3
15164 3
45758 3
2152 1
2153 2
32760 3
11242 3
6332 3
6320 1
41571 3
11232 3
6327 1
19782 2
6325 2
6315 3
11259 3
11260 2
32787 1
41589 3
23655 3
6298 3
6300 3
23647 3
6295 2
41560 3
2495 3
15078 3
6395 3
45845 3
6389 2
2500 2
11172 3
6387 3
6386 3
2497 1
6385 3
6384 3
28513 3
6380 3
14989 2
19740 2
32327 3
2519 2
2516 1
19752 2
32869 3
2529 1
11164 1
23563 3
2551 3
6181 3
32440 3
11081 3
6175 2
23752 3
11096 2
32952 3
19962 3
23754 3
11100 3
41692 1
14868 3
19855 3
2379 3
2386 3
23724 3
14860 3
41659 3
50215 3
23700 3
11014 3
11030 3
11025 3
28625 3
6221 3
19898 3
33597 2
24399 3
7049 3
10457 3
14825 3
33588 3
10452 3
32034 3
20081 3
20080 2
27664 3
45180 3
7066 3
7065 2
33569 3
7081 2
14793 3
10490 2
27700 3
2711 2
10480 3
33554 2
27696 3
45147 2
33544 3
2698 3
7091 2
33536 3
41313 3
10466 3
10396 3
10397 3
14754 3
32098 2
24320 3
24326 3
24324 3
41230 2
7132 1
20001 3
41221 3
27768 3
10429 2
27765 3
32068 3
14745 2
14744 2
7162 3
2764 2
27757 2
14751 3
14743 2
27750 2
14742 2
2614 3
10326 3
32164 2
2611 2
32162 3
6912 3
24526 3
27807 3
6922 3
24523 3
45291 3
10310 1
14710 3
24535 3
33698 3
14717 2
2603 1
6939 1
2588 3
10367 3
2586 3
20161 2
24560 3
41440 3
2572 3
41453 3
45274 3
41360 3
6983 3
2687 2
2686 1
2685 2
27843 3
33771 3
33770 3
33775 3
7004 3
20115 2
7012 2
10292 3
2647 2
33748 2
24489 3
24490 3
7018 1
14608 3
7029 3
10282 2
27917 3
31800 2
41034 3
33321 3
6805 1
45430 3
24151 2
14572 3
6799 3
45419 3
24130 3
6846 3
27948 3
24186 3
20299 3
41066 3
14551 3
6830 1
6828 3
14537 2
24167 1
6822 3
6820 2
33302 3
6821 3
10738 3
40969 3
3043 2
45352 3
24077 2
6848 3
6849 3
3058 3
6851 3
27986 3
6853 2
6854 1
6855 2
6907 3
6910 2
6908 2
14492 2
40994 3
45321 3
6894 2
14477 3
28028 3
10674 3
31810 3
33363 3
6881 2
6886 3
14453 2
6677 2
2854 2
41157 3
14454 3
28032 3
2860 3
31932 3
2856 2
20459 3
6661 1
6663 2
10578 3
6667 1
2874 2
10586 3
6706 3
10594 3
2819 3
10607 3
2828 1
6695 1
31877 3
6703 3
6702 3
6697 3
45514 3
6736 3
31985 3
2914 1
6739 2
41095 1
24213 3
14390 2
6746 3
24218 2
6747 2
14371 3
6724 2
6731 3
6730 1
24203 3
6735 2
6770 2
6774 1
24247 3
24246 3
2884 3
14361 2
2895 3
2907 2
6762 1
2905 2
20376 3
22822 1
37986 3
11955 3
31554 3
7660 2
3292 1
27257 2
16265 2
7657 3
3269 2
7668 3
7670 3
3267 1
3277 1
16285 3
16284 3
49550 3
7679 3
34123 3
34164 3
37958 2
7617 3
3313 3
3327 1
31595 3
34169 3
3320 1
3303 1
3302 2
3301 3
3300 1
42755 3
18479 3
3308 3
7643 2
11915 3
3307 3
42763 3
3216 1
3218 3
12021 3
12025 3
3225 3
31499 3
31501 3
31500 1
22894 3
7600 3
16338 2
3209 1
7610 2
3213 2
3212 2
3215 3
42861 3
3248 2
7552 3
3249 2
3255 2
3252 3
31529 1
11992 3
3257 1
3261 3
7568 3
7575 1
3239 3
34087 3
3243 3
42831 3
34270 2
11837 3
7533 3
7529 3
16128 3
16131 2
31708 2
22969 3
11816 3
7545 3
34250 3
7540 3
16150 1
34245 2
7543 3
7539 2
42909 2
22927 3
7500 2
7497 2
38091 3
31715 2
38082 2
7514 3
22938 3
49451 3
34279 3
18596 3
34275 3
18592 2
16206 3
7470 3
7459 2
16218 3
31643 3
42979 3
7473 1
7474 2
34177 3
11867 2
3130 2
7438 3
31661 2
34224 1
18678 3
7430 3
38022 3
38040 2
3112 3
11854 2
11855 3
23005 2
42959 3
11853 3
16243 2
11841 3
46836 3
11845 3
16245 3
18695 2
22581 3
16016 3
31313 3
16030 3
31323 3
22566 3
46849 3
27506 3
22561 2
33874 3
12222 2
3549 1
18712 3
22548 3
7381 3
3557 3
33891 2
38225 3
18734 3
3561 1
7385 1
38235 3
42504 3
12180 2
46887 3
3573 2
12181 3
12182 2
12178 3
12179 2
12188 2
42525 3
38220 3
18747 2
3578 3
16083 3
38193 3
16086 2
3462 3
31252 2
27434 3
16095 3
31261 2
22626 3
16065 3
7332 2
38182 3
18779 3
31242 2
46925 2
33823 3
3491 1
31283 2
33843 2
7296 2
16097 2
33840 3
38149 3
7303 2
31272 3
38158 3
15895 3
12064 3
12083 2
22691 2
31424 2
7260 3
12041 2
12042 3
42632 3
31477 2
15924 3
42652 2
15919 3
15915 3
49204 3
31458 2
18888 3
3340 3
3330 2
33920 3
18881 3
12129 3
33922 3
22773 1
18885 3
33926 2
22772 3
3352 3
3356 1
3344 3
42739 3
22759 3
3361 3
27524 2
15982 3
33970 3
3378 3
15974 3
34676 3
31077 3
15785 3
8151 2
11398 3
15803 3
8153 2
18990 3
31100 3
15805 3
11404 2
15744 3
38496 3
31042 3
8167 2
34655 2
15757 3
23342 2
3776 3
11427 3
15763 3
11426 3
38516 3
23352 2
3786 1
15772 3
38525 3
34610 3
11486 3
23372 3
8075 1
31027 2
34594 3
11457 3
15857 2
11456 3
31025 2
3758 3
42313 3
3754 3
26677 3
19029 2
15808 3
23393 1
19024 2
42352 3
34591 3
3741 1
3738 3
30998 3
15830 1
11491 3
42337 3
3714 3
15836 3
42346 3
8121 2
3720 3
15835 2
42396 3
8002 2
8001 1
3701 3
11272 3
15672 3
8025 3
34797 3
38613 3
26821 3
19108 2
15626 3
3676 3
26878 3
8047 2
11317 3
19092 2
34772 3
8039 3
15623 2
8057 3
15641 3
19080 1
19082 3
8060 3
3662 3
8048 3
34759 3
8055 3
7949 3
23498 3
11351 3
26769 2
31167 3
15742 3
19181 3
15738 3
38548 3
15735 3
38550 3
46320 3
19169 3
34718 3
31117 3
15694 3
38569 3
3605 3
15685 2
19158 3
19159 3
23520 2
26801 3
3602 3
31133 2
3597 3
19151 1
23550 3
7992 2
15706 3
26794 3
3595 2
23541 3
34695 2
15702 3
31126 3
11367 3
15703 2
46385 3
7893 3
19239 2
7896 3
30844 2
11664 3
34419 2
11666 2
42000 3
26972 2
34430 2
26978 3
7922 2
42020 3
11686 1
38776 3
49800 3
19214 3
30784 2
38757 3
7911 3
38759 3
7908 2
30794 3
15497 3
30799 3
27005 3
49895 3
23126 3
15606 2
30768 3
15600 2
26882 3
15612 3
30781 2
23131 2
34358 3
15589 2
38661 3
19318 2
46435 3
15587 3
7821 3
15598 2
19271 3
34304 3
26914 3
34305 2
15570 2
11758 3
30751 2
15576 2
34325 3
11766 3
26935 3
30726 3
15557 2
19283 3
7843 1
34323 3
30721 3
23148 1
42104 3
7849 3
27085 3
30960 3
30962 3
15412 1
19366 3
19384 3
42143 3
11537 1
30950 3
7795 2
15377 3
23216 3
11556 3
7786 2
7784 2
3933 3
7788 3
34513 3
30912 3
15366 2
38809 3
19429 3
11590 3
30902 3
19430 3
38794 3
30890 1
46562 3
30881 3
7682 3
19406 3
7738 2
19401 1
19397 3
15444 2
27044 3
15440 3
19422 3
34456 3
27066 3
15435 2
11643 2
27064 3
27065 3
7714 3
7713 2
